1 1.0 0.0 0.0 	5
1.0 0.0 -0.5
1.0 0.0 0.5
1.0 -1.0 0.5
1.0 -1.0 -0.5 	
1.0 0.0 -0.5 	

2 0.0 0.0 1.0 	5
1.0 0.0 0.5
0.0 0.0 0.5
0.0 -1.0 0.5
1.0 -1.0 0.5 	
1.0 0.0 0.5 	

3 0.0 1.0 0.0 	5
0.0 0.0 -0.5
0.0 0.0 0.5
1.0 0.0 0.5
1.0 0.0 -0.5 	
0.0 0.0 -0.5 	

4 1.0 0.0 0.0 	5
0.0 0.0 -0.5
0.0 1.3 -0.5
0.0 1.3 0.8
0.0 0.0 0.8 	
0.0 0.0 -0.5 	

5 0.0 0.0 1.0 	5
0.0 0.0 0.8
0.0 1.3 0.8
-1.3 1.3 0.8
-1.3 0.0 0.8 	
0.0 0.0 0.8 	

6 0.0 1.0 0.0 	5
0.0 1.3 -0.5
-1.3 1.3 -0.5
-1.3 1.3 0.8
0.0 1.3 0.8 	
0.0 1.3 -0.5

7 1.0 1.0 0.0 4
0.5 -3.0 -2.0 
0.0 0.0 -3.0 
1.8 3.0 -2.0 
5.5 -3.0 -2.0

1 1.0 0.0 0.0 	5
1.0 0.0 -0.5
1.0 0.0 0.5
1.0 -1.0 0.5
1.0 -1.0 -0.5 	
1.0 0.0 -0.5 	

2 0.0 0.0 1.0 	5
1.0 0.0 0.5
0.0 0.0 0.5
0.0 -1.0 0.5
1.0 -1.0 0.5 	
1.0 0.0 0.5 	

3 0.0 1.0 0.0 	5
0.0 0.0 -0.5
0.0 0.0 0.5
1.0 0.0 0.5
1.0 0.0 -0.5 	
0.0 0.0 -0.5 	

4 1.0 0.0 0.0 	5
0.0 0.0 -0.5
0.0 1.3 -0.5
0.0 1.3 0.8
0.0 0.0 0.8 	
0.0 0.0 -0.5 	

5 0.0 0.0 1.0 	5
0.0 0.0 0.8
0.0 1.3 0.8
-1.3 1.3 0.8
-1.3 0.0 0.8 	
0.0 0.0 0.8 	

6 0.0 1.0 0.0 	5
0.0 1.3 -0.5
-1.3 1.3 -0.5
-1.3 1.3 0.8
0.0 1.3 0.8 	
0.0 1.3 -0.5

7 1.0 1.0 0.0 4
0.5 -3.0 -2.0 
0.0 0.0 -3.0 
1.8 3.0 -2.0 
5.5 -3.0 -2.0

1 1.0 0.0 0.0 	5
1.0 0.0 -0.5
1.0 0.0 0.5
1.0 -1.0 0.5
1.0 -1.0 -0.5 	
1.0 0.0 -0.5 	

2 0.0 0.0 1.0 	5
1.0 0.0 0.5
0.0 0.0 0.5
0.0 -1.0 0.5
1.0 -1.0 0.5 	
1.0 0.0 0.5 	

3 0.0 1.0 0.0 	5
0.0 0.0 -0.5
0.0 0.0 0.5
1.0 0.0 0.5
1.0 0.0 -0.5 	
0.0 0.0 -0.5 	

4 1.0 0.0 0.0 	5
0.0 0.0 -0.5
0.0 1.3 -0.5
0.0 1.3 0.8
0.0 0.0 0.8 	
0.0 0.0 -0.5 	

5 0.0 0.0 1.0 	5
0.0 0.0 0.8
0.0 1.3 0.8
-1.3 1.3 0.8
-1.3 0.0 0.8 	
0.0 0.0 0.8 	

6 0.0 1.0 0.0 	5
0.0 1.3 -0.5
-1.3 1.3 -0.5
-1.3 1.3 0.8
0.0 1.3 0.8 	
0.0 1.3 -0.5

7 1.0 1.0 0.0 4
0.5 -3.0 -2.0 
0.0 0.0 -3.0 
1.8 3.0 -2.0 
5.5 -3.0 -2.0

